0 12 0 34 45 0 67 78 0 90 21 32 0 54 65 76 0 98 19 30 
41 0 52 0 74 85 0 17 28 0 50 61 72 0 94 15 26 0 48 59 
0 73 0 84 0 16 27 0 49 60 0 82 93 14 0 36 47 58 0 80 
83 0 15 0 26 37 0 59 70 0 92 13 24 0 46 57 0 79 90 11 
14 25 0 47 0 58 69 0 91 12 0 34 45 56 0 78 89 0 21 32 
45 0 67 78 0 0 10 21 0 43 54 0 76 87 0 19 30 41 0 63 
76 87 0 19 30 0 0 52 63 0 85 96 17 0 39 50 0 72 83 94 
17 0 39 50 0 72 83 0 94 15 0 37 48 59 0 81 92 13 0 35 
58 69 0 91 12 0 34 45 0 56 67 0 89 90 21 0 43 54 0 76 
89 10 0 32 43 0 65 76 0 0 98 19 0 41 52 63 0 85 96 17 
30 41 0 63 74 0 96 17 0 39 0 61 72 0 94 15 0 37 48 59 
71 0 93 14 0 36 47 0 69 80 0 0 24 35 0 57 68 0 90 11 
12 23 0 45 56 0 78 89 10 0 32 43 0 65 76 0 98 19 0 41 
53 0 75 86 0 18 29 0 51 62 0 84 95 0 87 98 0 30 41 52 
94 15 0 37 48 0 70 81 0 13 24 0 46 57 0 90 11 0 33 44 
35 0 57 68 0 90 11 0 33 44 0 66 77 0 99 0 21 32 0 54 
76 87 0 19 30 0 52 63 0 85 96 17 0 39 50 0 0 72 83 94 
17 28 0 50 61 0 83 94 15 0 37 48 0 70 81 0 13 0 35 46 
58 0 80 91 12 0 34 45 0 67 78 0 10 21 0 43 54 0 0 77 
89 10 0 32 43 0 65 76 0 98 19 0 41 52 0 74 85 0 17 0 
